-r--r--r-- 1 root root 0 Jul 19 08:47 proc/diskstats

   7       0 loop0 0 0 0 0 0 0 0 0 0 0 0
   7       1 loop1 0 0 0 0 0 0 0 0 0 0 0
   7       2 loop2 0 0 0 0 0 0 0 0 0 0 0
   7       3 loop3 0 0 0 0 0 0 0 0 0 0 0
   7       4 loop4 0 0 0 0 0 0 0 0 0 0 0
   7       5 loop5 0 0 0 0 0 0 0 0 0 0 0
   7       6 loop6 0 0 0 0 0 0 0 0 0 0 0
   7       7 loop7 0 0 0 0 0 0 0 0 0 0 0
 254       0 vda 144287 42108 2866282 1167380 124478 720734 43279368 15163760 0 281350 16332260
 254       1 vda1 92605 42108 1081712 646690 20220 287498 2461744 1895220 0 119110 2541920
 254       2 vda2 51618 0 1782330 520650 99150 433236 40817600 13259930 0 247480 13780530
