-r--r--r-- 1 root root 0 Jul 19 08:47 proc/7/net/netlink

sk       Eth Pid    Groups   Rmem     Wmem     Dump     Locks     Drops     Inode
ffff8800357e3800 0   1345   00000000 0        0        0 2        0        366034  
ffff880073deb000 0   0      00000000 0        0        0 2        0        365994  
ffff880072e76800 4   0      00000000 0        0        0 2        0        366003  
ffff88002c839800 6   0      00000000 0        0        0 2        0        366005  
ffff8800357e3000 6   1345   00000000 0        0        0 2        0        366035  
ffff8800571f3000 10  0      00000000 0        0        0 2        0        365997  
ffff880072e76000 12  0      00000000 0        0        0 2        0        366004  
ffff880075ea1000 15  0      00000000 0        0        0 2        0        365995  
ffff880073e8a000 16  0      00000000 0        0        0 2        0        365996  
