-r--r--r-- 1 root root 0 Jul 19 08:46 proc/fs/ext4/vda2/mb_groups

#group: free  frags first [ 2^0   2^1   2^2   2^3   2^4   2^5   2^6   2^7   2^8   2^9   2^10  2^11  2^12  2^13  ]#0    : 23505 1     9263  [ 1     0     0     0     1     0     1     1     1     1     0     1     1     2     ]
#1    : 31735 1     1033  [ 1     1     1     0     1     1     1     1     1     1     0     1     1     3     ]
#2    : 6292  6     3433  [ 2     3     3     2     3     0     1     4     0     1     1     2     0     0     ]
#3    : 25926 4     1033  [ 2     2     2     1     1     1     2     1     2     3     1     1     1     2     ]
#4    : 28334 5     0     [ 0     1     1     1     0     1     0     1     0     1     1     1     2     2     ]
#5    : 2090  4     2911  [ 2     2     1     0     0     3     1     1     1     1     1     0     0     0     ]
#6    : 22286 3     582   [ 0     1     1     1     2     1     1     1     2     0     1     0     1     2     ]
#7    : 31735 1     1033  [ 1     1     1     0     1     1     1     1     1     1     0     1     1     3     ]
#8    : 7410  5     0     [ 2     2     1     1     2     2     0     3     1     1     0     1     1     0     ]
#9    : 5745  4     2676  [ 1     2     1     1     2     0     1     2     1     0     1     0     1     0     ]
#10   : 31175 1     1593  [ 1     1     1     0     0     0     1     1     1     0     0     1     1     3     ]
#11   : 30341 3     0     [ 1     2     2     1     1     1     1     0     0     1     1     0     1     3     ]
#12   : 1297  3     7934  [ 1     2     1     1     2     1     1     1     2     1     0     0     0     0     ]
#13   : 30239 1     2529  [ 1     1     1     1     1     0     0     0     0     1     1     0     1     3     ]
#14   : 19788 6     2048  [ 0     2     2     2     1     1     0     0     1     2     2     4     2     0     ]
#15   : 433   19    4916  [ 1     8     10    13    1     0     0     0     1     0     0     0     0     0     ]
#16   : 23243 1     8913  [ 1     1     0     1     0     0     1     1     0     1     0     1     1     2     ]
#17   : 132   2     2162  [ 0     2     2     3     2     0     1     0     0     0     0     0     0     0     ]
#18   : 1091  2     1616  [ 1     1     0     0     0     0     1     0     0     0     1     0     0     0     ]
#19   : 13453 16    696   [ 1     6     6     11    1     0     0     0     2     1     0     0     1     1     ]
#20   : 1935  4     7636  [ 1     1     1     1     2     3     0     2     0     1     1     0     0     0     ]
#21   : 11085 6     451   [ 1     2     2     2     5     1     1     1     2     0     0     3     1     0     ]
#22   : 24564 17    2263  [ 4     6     7     11    1     1     1     2     2     2     0     1     1     2     ]
#23   : 17903 3     0     [ 1     1     1     1     2     0     1     1     1     0     1     0     0     2     ]
#24   : 1625  5     1748  [ 3     3     4     2     1     1     4     0     5     0     0     0     0     0     ]
#25   : 6393  4     6134  [ 1     2     1     2     2     0     3     0     2     1     1     0     1     0     ]
#26   : 7926  6     4077  [ 4     1     2     3     3     3     1     0     2     2     2     2     0     0     ]
#27   : 1302  4     1504  [ 2     2     2     1     2     3     2     0     0     0     1     0     0     0     ]
#28   : 256   1     12800 [ 0     0     0     0     0     0     0     0     1     0     0     0     0     0     ]
#29   : 0     0     32768 [ 0     0     0     0     0     0     0     0     0     0     0     0     0     0     ]
#30   : 574   2     19394 [ 0     1     1     1     1     1     0     0     0     1     0     0     0     0     ]
#31   : 2819  4     2734  [ 1     1     0     2     3     0     3     2     3     1     1     0     0     0     ]
#32   : 23051 1     8347  [ 1     1     0     1     0     0     0     0     0     1     0     1     1     2     ]
#33   : 0     0     14    [ 0     0     0     0     0     0     0     0     0     0     0     0     0     0     ]
#34   : 330   1     26294 [ 0     1     0     1     0     0     1     0     1     0     0     0     0     0     ]
#35   : 0     0     32768 [ 0     0     0     0     0     0     0     0     0     0     0     0     0     0     ]
#36   : 0     0     32768 [ 0     0     0     0     0     0     0     0     0     0     0     0     0     0     ]
#37   : 0     0     32768 [ 0     0     0     0     0     0     0     0     0     0     0     0     0     0     ]
#38   : 0     0     32768 [ 0     0     0     0     0     0     0     0     0     0     0     0     0     0     ]
#39   : 0     0     32768 [ 0     0     0     0     0     0     0     0     0     0     0     0     0     0     ]
#40   : 0     0     32768 [ 0     0     0     0     0     0     0     0     0     0     0     0     0     0     ]
#41   : 0     0     32768 [ 0     0     0     0     0     0     0     0     0     0     0     0     0     0     ]
#42   : 0     0     32768 [ 0     0     0     0     0     0     0     0     0     0     0     0     0     0     ]
#43   : 0     0     32768 [ 0     0     0     0     0     0     0     0     0     0     0     0     0     0     ]
#44   : 0     0     32768 [ 0     0     0     0     0     0     0     0     0     0     0     0     0     0     ]
#45   : 0     0     32768 [ 0     0     0     0     0     0     0     0     0     0     0     0     0     0     ]
#46   : 0     0     32768 [ 0     0     0     0     0     0     0     0     0     0     0     0     0     0     ]
#47   : 0     0     32768 [ 0     0     0     0     0     0     0     0     0     0     0     0     0     0     ]
#48   : 23036 1     9732  [ 0     0     1     1     1     1     1     1     1     0     0     1     1     2     ]
#49   : 622   1     13714 [ 0     1     1     1     0     1     1     0     0     1     0     0     0     0     ]
#50   : 0     0     32768 [ 0     0     0     0     0     0     0     0     0     0     0     0     0     0     ]
#51   : 0     0     32768 [ 0     0     0     0     0     0     0     0     0     0     0     0     0     0     ]
#52   : 0     0     32768 [ 0     0     0     0     0     0     0     0     0     0     0     0     0     0     ]
#53   : 0     0     32768 [ 0     0     0     0     0     0     0     0     0     0     0     0     0     0     ]
#54   : 0     0     32768 [ 0     0     0     0     0     0     0     0     0     0     0     0     0     0     ]
#55   : 0     0     32768 [ 0     0     0     0     0     0     0     0     0     0     0     0     0     0     ]
#56   : 0     0     32768 [ 0     0     0     0     0     0     0     0     0     0     0     0     0     0     ]
#57   : 0     0     32768 [ 0     0     0     0     0     0     0     0     0     0     0     0     0     0     ]
#58   : 0     0     32768 [ 0     0     0     0     0     0     0     0     0     0     0     0     0     0     ]
#59   : 0     0     32768 [ 0     0     0     0     0     0     0     0     0     0     0     0     0     0     ]
#60   : 0     0     32768 [ 0     0     0     0     0     0     0     0     0     0     0     0     0     0     ]
#61   : 0     0     32768 [ 0     0     0     0     0     0     0     0     0     0     0     0     0     0     ]
#62   : 0     0     32768 [ 0     0     0     0     0     0     0     0     0     0     0     0     0     0     ]
#63   : 0     0     32768 [ 0     0     0     0     0     0     0     0     0     0     0     0     0     0     ]
#64   : 24456 1     8312  [ 0     0     0     1     0     0     0     1     1     1     1     1     1     2     ]
#65   : 2046  1     2     [ 0     1     1     1     1     1     1     1     1     1     1     0     0     0     ]
#66   : 0     0     32768 [ 0     0     0     0     0     0     0     0     0     0     0     0     0     0     ]
#67   : 0     0     32768 [ 0     0     0     0     0     0     0     0     0     0     0     0     0     0     ]
#68   : 0     0     32768 [ 0     0     0     0     0     0     0     0     0     0     0     0     0     0     ]
#69   : 0     0     32768 [ 0     0     0     0     0     0     0     0     0     0     0     0     0     0     ]
#70   : 0     0     32768 [ 0     0     0     0     0     0     0     0     0     0     0     0     0     0     ]
#71   : 0     0     32768 [ 0     0     0     0     0     0     0     0     0     0     0     0     0     0     ]
#72   : 0     0     32768 [ 0     0     0     0     0     0     0     0     0     0     0     0     0     0     ]
#73   : 0     0     32768 [ 0     0     0     0     0     0     0     0     0     0     0     0     0     0     ]
#74   : 0     0     32768 [ 0     0     0     0     0     0     0     0     0     0     0     0     0     0     ]
#75   : 0     0     32768 [ 0     0     0     0     0     0     0     0     0     0     0     0     0     0     ]
#76   : 0     0     32768 [ 0     0     0     0     0     0     0     0     0     0     0     0     0     0     ]
#77   : 0     0     32768 [ 0     0     0     0     0     0     0     0     0     0     0     0     0     0     ]
#78   : 0     0     32768 [ 0     0     0     0     0     0     0     0     0     0     0     0     0     0     ]
#79   : 0     0     32768 [ 0     0     0     0     0     0     0     0     0     0     0     0     0     0     ]
#80   : 23789 4     8360  [ 3     1     0     1     0     1     1     1     0     0     1     1     1     2     ]
#81   : 141   36    1900  [ 25    18    10    3     1     0     0     0     0     0     0     0     0     0     ]
#82   : 849   10    587   [ 5     6     10    7     2     4     5     2     0     0     0     0     0     0     ]
#83   : 0     0     32768 [ 0     0     0     0     0     0     0     0     0     0     0     0     0     0     ]
#84   : 0     0     32768 [ 0     0     0     0     0     0     0     0     0     0     0     0     0     0     ]
#85   : 0     0     32768 [ 0     0     0     0     0     0     0     0     0     0     0     0     0     0     ]
#86   : 0     0     32768 [ 0     0     0     0     0     0     0     0     0     0     0     0     0     0     ]
#87   : 0     0     32768 [ 0     0     0     0     0     0     0     0     0     0     0     0     0     0     ]
#88   : 0     0     32768 [ 0     0     0     0     0     0     0     0     0     0     0     0     0     0     ]
#89   : 0     0     32768 [ 0     0     0     0     0     0     0     0     0     0     0     0     0     0     ]
#90   : 0     0     32768 [ 0     0     0     0     0     0     0     0     0     0     0     0     0     0     ]
#91   : 0     0     32768 [ 0     0     0     0     0     0     0     0     0     0     0     0     0     0     ]
#92   : 0     0     32768 [ 0     0     0     0     0     0     0     0     0     0     0     0     0     0     ]
#93   : 0     0     32768 [ 0     0     0     0     0     0     0     0     0     0     0     0     0     0     ]
#94   : 0     0     32768 [ 0     0     0     0     0     0     0     0     0     0     0     0     0     0     ]
#95   : 25242 2     1     [ 2     2     1     2     2     1     1     2     1     2     1     1     1     2     ]
#96   : 23790 1     8978  [ 0     1     1     1     0     1     1     1     0     0     1     1     1     2     ]
#97   : 15887 2     8689  [ 1     1     1     1     0     0     0     0     0     1     1     1     1     1     ]
#98   : 32768 1     0     [ 0     0     0     0     0     0     0     0     0     0     0     0     0     4     ]
#99   : 32768 1     0     [ 0     0     0     0     0     0     0     0     0     0     0     0     0     4     ]
#100  : 32768 1     0     [ 0     0     0     0     0     0     0     0     0     0     0     0     0     4     ]
#101  : 32768 1     0     [ 0     0     0     0     0     0     0     0     0     0     0     0     0     4     ]
#102  : 32768 1     0     [ 0     0     0     0     0     0     0     0     0     0     0     0     0     4     ]
#103  : 32768 1     0     [ 0     0     0     0     0     0     0     0     0     0     0     0     0     4     ]
#104  : 32768 1     0     [ 0     0     0     0     0     0     0     0     0     0     0     0     0     4     ]
#105  : 32768 1     0     [ 0     0     0     0     0     0     0     0     0     0     0     0     0     4     ]
#106  : 32768 1     0     [ 0     0     0     0     0     0     0     0     0     0     0     0     0     4     ]
#107  : 32103 5     31    [ 3     0     1     2     1     0     3     3     1     1     0     1     1     3     ]
#108  : 32768 1     0     [ 0     0     0     0     0     0     0     0     0     0     0     0     0     4     ]
#109  : 32768 1     0     [ 0     0     0     0     0     0     0     0     0     0     0     0     0     4     ]
#110  : 32768 1     0     [ 0     0     0     0     0     0     0     0     0     0     0     0     0     4     ]
#111  : 32768 1     0     [ 0     0     0     0     0     0     0     0     0     0     0     0     0     4     ]
#112  : 23768 1     9000  [ 0     0     0     1     1     0     1     1     0     0     1     1     1     2     ]
#113  : 11863 2     12713 [ 1     1     1     0     1     0     1     0     0     1     1     1     0     1     ]
#114  : 32768 1     0     [ 0     0     0     0     0     0     0     0     0     0     0     0     0     4     ]
#115  : 32768 1     0     [ 0     0     0     0     0     0     0     0     0     0     0     0     0     4     ]
#116  : 32768 1     0     [ 0     0     0     0     0     0     0     0     0     0     0     0     0     4     ]
#117  : 32768 1     0     [ 0     0     0     0     0     0     0     0     0     0     0     0     0     4     ]
#118  : 32768 1     0     [ 0     0     0     0     0     0     0     0     0     0     0     0     0     4     ]
#119  : 32768 1     0     [ 0     0     0     0     0     0     0     0     0     0     0     0     0     4     ]
#120  : 32768 1     0     [ 0     0     0     0     0     0     0     0     0     0     0     0     0     4     ]
#121  : 32768 1     0     [ 0     0     0     0     0     0     0     0     0     0     0     0     0     4     ]
#122  : 32768 1     0     [ 0     0     0     0     0     0     0     0     0     0     0     0     0     4     ]
#123  : 32768 1     0     [ 0     0     0     0     0     0     0     0     0     0     0     0     0     4     ]
#124  : 32768 1     0     [ 0     0     0     0     0     0     0     0     0     0     0     0     0     4     ]
#125  : 31735 1     1033  [ 1     1     1     0     1     1     1     1     1     1     0     1     1     3     ]
#126  : 32768 1     0     [ 0     0     0     0     0     0     0     0     0     0     0     0     0     4     ]
#127  : 32768 1     0     [ 0     0     0     0     0     0     0     0     0     0     0     0     0     4     ]
#128  : 23947 1     8821  [ 1     1     0     1     0     0     0     1     1     0     1     1     1     2     ]
#129  : 2909  1     29859 [ 1     0     1     1     1     0     1     0     1     1     0     1     0     0     ]
#130  : 32768 1     0     [ 0     0     0     0     0     0     0     0     0     0     0     0     0     4     ]
#131  : 32768 1     0     [ 0     0     0     0     0     0     0     0     0     0     0     0     0     4     ]
#132  : 32768 1     0     [ 0     0     0     0     0     0     0     0     0     0     0     0     0     4     ]
#133  : 32768 1     0     [ 0     0     0     0     0     0     0     0     0     0     0     0     0     4     ]
#134  : 32768 1     0     [ 0     0     0     0     0     0     0     0     0     0     0     0     0     4     ]
#135  : 32768 1     0     [ 0     0     0     0     0     0     0     0     0     0     0     0     0     4     ]
#136  : 32768 1     0     [ 0     0     0     0     0     0     0     0     0     0     0     0     0     4     ]
#137  : 32768 1     0     [ 0     0     0     0     0     0     0     0     0     0     0     0     0     4     ]
#138  : 32768 1     0     [ 0     0     0     0     0     0     0     0     0     0     0     0     0     4     ]
#139  : 32768 1     0     [ 0     0     0     0     0     0     0     0     0     0     0     0     0     4     ]
#140  : 32768 1     0     [ 0     0     0     0     0     0     0     0     0     0     0     0     0     4     ]
#141  : 32768 1     0     [ 0     0     0     0     0     0     0     0     0     0     0     0     0     4     ]
#142  : 32768 1     0     [ 0     0     0     0     0     0     0     0     0     0     0     0     0     4     ]
#143  : 32768 1     0     [ 0     0     0     0     0     0     0     0     0     0     0     0     0     4     ]
#144  : 23603 1     9165  [ 1     1     0     0     1     1     0     0     0     0     1     1     1     2     ]
#145  : 0     0     16    [ 0     0     0     0     0     0     0     0     0     0     0     0     0     0     ]
#146  : 25414 1     2472  [ 0     1     1     0     0     0     1     0     1     1     0     0     0     3     ]
#147  : 32768 1     0     [ 0     0     0     0     0     0     0     0     0     0     0     0     0     4     ]
#148  : 32768 1     0     [ 0     0     0     0     0     0     0     0     0     0     0     0     0     4     ]
#149  : 32768 1     0     [ 0     0     0     0     0     0     0     0     0     0     0     0     0     4     ]
#150  : 32768 1     0     [ 0     0     0     0     0     0     0     0     0     0     0     0     0     4     ]
#151  : 32768 1     0     [ 0     0     0     0     0     0     0     0     0     0     0     0     0     4     ]
#152  : 32768 1     0     [ 0     0     0     0     0     0     0     0     0     0     0     0     0     4     ]
#153  : 32768 1     0     [ 0     0     0     0     0     0     0     0     0     0     0     0     0     4     ]
#154  : 32768 1     0     [ 0     0     0     0     0     0     0     0     0     0     0     0     0     4     ]
#155  : 32768 1     0     [ 0     0     0     0     0     0     0     0     0     0     0     0     0     4     ]
#156  : 32768 1     0     [ 0     0     0     0     0     0     0     0     0     0     0     0     0     4     ]
#157  : 32768 1     0     [ 0     0     0     0     0     0     0     0     0     0     0     0     0     4     ]
#158  : 32768 1     0     [ 0     0     0     0     0     0     0     0     0     0     0     0     0     4     ]
#159  : 32768 1     0     [ 0     0     0     0     0     0     0     0     0     0     0     0     0     4     ]
#160  : 23884 1     8881  [ 0     0     1     1     0     0     1     0     1     0     1     1     1     2     ]
#161  : 11489 2     1836  [ 1     0     0     0     0     1     1     1     0     0     1     1     0     1     ]
#162  : 32768 1     0     [ 0     0     0     0     0     0     0     0     0     0     0     0     0     4     ]
#163  : 32768 1     0     [ 0     0     0     0     0     0     0     0     0     0     0     0     0     4     ]
#164  : 32768 1     0     [ 0     0     0     0     0     0     0     0     0     0     0     0     0     4     ]
#165  : 32768 1     0     [ 0     0     0     0     0     0     0     0     0     0     0     0     0     4     ]
#166  : 32768 1     0     [ 0     0     0     0     0     0     0     0     0     0     0     0     0     4     ]
#167  : 32768 1     0     [ 0     0     0     0     0     0     0     0     0     0     0     0     0     4     ]
#168  : 32768 1     0     [ 0     0     0     0     0     0     0     0     0     0     0     0     0     4     ]
#169  : 32768 1     0     [ 0     0     0     0     0     0     0     0     0     0     0     0     0     4     ]
#170  : 32768 1     0     [ 0     0     0     0     0     0     0     0     0     0     0     0     0     4     ]
#171  : 32768 1     0     [ 0     0     0     0     0     0     0     0     0     0     0     0     0     4     ]
#172  : 32768 1     0     [ 0     0     0     0     0     0     0     0     0     0     0     0     0     4     ]
#173  : 32768 1     0     [ 0     0     0     0     0     0     0     0     0     0     0     0     0     4     ]
#174  : 32768 1     0     [ 0     0     0     0     0     0     0     0     0     0     0     0     0     4     ]
#175  : 32768 1     0     [ 0     0     0     0     0     0     0     0     0     0     0     0     0     4     ]
#176  : 23899 3     8660  [ 1     1     0     1     1     0     1     0     1     0     1     1     1     2     ]
#177  : 15607 3     8     [ 1     1     1     0     1     1     1     1     0     0     1     1     1     1     ]
#178  : 32768 1     0     [ 0     0     0     0     0     0     0     0     0     0     0     0     0     4     ]
#179  : 32768 1     0     [ 0     0     0     0     0     0     0     0     0     0     0     0     0     4     ]
#180  : 32768 1     0     [ 0     0     0     0     0     0     0     0     0     0     0     0     0     4     ]
#181  : 32768 1     0     [ 0     0     0     0     0     0     0     0     0     0     0     0     0     4     ]
#182  : 32768 1     0     [ 0     0     0     0     0     0     0     0     0     0     0     0     0     4     ]
#183  : 32768 1     0     [ 0     0     0     0     0     0     0     0     0     0     0     0     0     4     ]
#184  : 32768 1     0     [ 0     0     0     0     0     0     0     0     0     0     0     0     0     4     ]
#185  : 32768 1     0     [ 0     0     0     0     0     0     0     0     0     0     0     0     0     4     ]
#186  : 32768 1     0     [ 0     0     0     0     0     0     0     0     0     0     0     0     0     4     ]
#187  : 32768 1     0     [ 0     0     0     0     0     0     0     0     0     0     0     0     0     4     ]
#188  : 32768 1     0     [ 0     0     0     0     0     0     0     0     0     0     0     0     0     4     ]
#189  : 32768 1     0     [ 0     0     0     0     0     0     0     0     0     0     0     0     0     4     ]
#190  : 32768 1     0     [ 0     0     0     0     0     0     0     0     0     0     0     0     0     4     ]
#191  : 32768 1     0     [ 0     0     0     0     0     0     0     0     0     0     0     0     0     4     ]
#192  : 23826 1     8258  [ 0     1     0     0     1     0     0     0     1     0     1     1     1     2     ]
#193  : 2723  2     928   [ 1     1     0     0     0     1     0     1     0     1     0     1     0     0     ]
#194  : 32768 1     0     [ 0     0     0     0     0     0     0     0     0     0     0     0     0     4     ]
#195  : 32768 1     0     [ 0     0     0     0     0     0     0     0     0     0     0     0     0     4     ]
#196  : 32768 1     0     [ 0     0     0     0     0     0     0     0     0     0     0     0     0     4     ]
#197  : 32768 1     0     [ 0     0     0     0     0     0     0     0     0     0     0     0     0     4     ]
#198  : 32768 1     0     [ 0     0     0     0     0     0     0     0     0     0     0     0     0     4     ]
#199  : 32768 1     0     [ 0     0     0     0     0     0     0     0     0     0     0     0     0     4     ]
#200  : 32768 1     0     [ 0     0     0     0     0     0     0     0     0     0     0     0     0     4     ]
#201  : 32768 1     0     [ 0     0     0     0     0     0     0     0     0     0     0     0     0     4     ]
#202  : 32768 1     0     [ 0     0     0     0     0     0     0     0     0     0     0     0     0     4     ]
#203  : 32768 1     0     [ 0     0     0     0     0     0     0     0     0     0     0     0     0     4     ]
#204  : 32768 1     0     [ 0     0     0     0     0     0     0     0     0     0     0     0     0     4     ]
#205  : 32768 1     0     [ 0     0     0     0     0     0     0     0     0     0     0     0     0     4     ]
#206  : 32768 1     0     [ 0     0     0     0     0     0     0     0     0     0     0     0     0     4     ]
#207  : 32768 1     0     [ 0     0     0     0     0     0     0     0     0     0     0     0     0     4     ]
#208  : 23834 2     8454  [ 2     0     0     1     1     0     0     0     1     0     1     1     1     2     ]
#209  : 638   1     8     [ 0     1     1     1     1     1     1     0     0     1     0     0     0     0     ]
#210  : 32768 1     0     [ 0     0     0     0     0     0     0     0     0     0     0     0     0     4     ]
#211  : 32768 1     0     [ 0     0     0     0     0     0     0     0     0     0     0     0     0     4     ]
#212  : 32768 1     0     [ 0     0     0     0     0     0     0     0     0     0     0     0     0     4     ]
#213  : 32768 1     0     [ 0     0     0     0     0     0     0     0     0     0     0     0     0     4     ]
#214  : 32768 1     0     [ 0     0     0     0     0     0     0     0     0     0     0     0     0     4     ]
#215  : 32768 1     0     [ 0     0     0     0     0     0     0     0     0     0     0     0     0     4     ]
#216  : 32768 1     0     [ 0     0     0     0     0     0     0     0     0     0     0     0     0     4     ]
#217  : 32768 1     0     [ 0     0     0     0     0     0     0     0     0     0     0     0     0     4     ]
#218  : 32768 1     0     [ 0     0     0     0     0     0     0     0     0     0     0     0     0     4     ]
#219  : 32768 1     0     [ 0     0     0     0     0     0     0     0     0     0     0     0     0     4     ]
#220  : 32768 1     0     [ 0     0     0     0     0     0     0     0     0     0     0     0     0     4     ]
#221  : 32768 1     0     [ 0     0     0     0     0     0     0     0     0     0     0     0     0     4     ]
#222  : 32768 1     0     [ 0     0     0     0     0     0     0     0     0     0     0     0     0     4     ]
#223  : 32768 1     0     [ 0     0     0     0     0     0     0     0     0     0     0     0     0     4     ]
#224  : 23239 1     8613  [ 1     1     1     0     0     0     1     1     0     1     0     1     1     2     ]
#225  : 0     0     16    [ 0     0     0     0     0     0     0     0     0     0     0     0     0     0     ]
#226  : 26212 1     1112  [ 0     0     1     0     0     1     1     0     0     1     1     0     0     3     ]
#227  : 32768 1     0     [ 0     0     0     0     0     0     0     0     0     0     0     0     0     4     ]
#228  : 32768 1     0     [ 0     0     0     0     0     0     0     0     0     0     0     0     0     4     ]
#229  : 32768 1     0     [ 0     0     0     0     0     0     0     0     0     0     0     0     0     4     ]
#230  : 32768 1     0     [ 0     0     0     0     0     0     0     0     0     0     0     0     0     4     ]
#231  : 32768 1     0     [ 0     0     0     0     0     0     0     0     0     0     0     0     0     4     ]
#232  : 32768 1     0     [ 0     0     0     0     0     0     0     0     0     0     0     0     0     4     ]
#233  : 32768 1     0     [ 0     0     0     0     0     0     0     0     0     0     0     0     0     4     ]
#234  : 32768 1     0     [ 0     0     0     0     0     0     0     0     0     0     0     0     0     4     ]
#235  : 32768 1     0     [ 0     0     0     0     0     0     0     0     0     0     0     0     0     4     ]
#236  : 32768 1     0     [ 0     0     0     0     0     0     0     0     0     0     0     0     0     4     ]
#237  : 32768 1     0     [ 0     0     0     0     0     0     0     0     0     0     0     0     0     4     ]
#238  : 32768 1     0     [ 0     0     0     0     0     0     0     0     0     0     0     0     0     4     ]
#239  : 32768 1     0     [ 0     0     0     0     0     0     0     0     0     0     0     0     0     4     ]
#240  : 23253 1     9515  [ 1     0     1     0     1     0     1     1     0     1     0     1     1     2     ]
#241  : 0     0     32768 [ 0     0     0     0     0     0     0     0     0     0     0     0     0     0     ]
#242  : 0     0     2     [ 0     0     0     0     0     0     0     0     0     0     0     0     0     0     ]
#243  : 24165 3     2674  [ 1     2     0     0     0     1     1     0     0     1     1     1     1     2     ]
#244  : 32768 1     0     [ 0     0     0     0     0     0     0     0     0     0     0     0     0     4     ]
#245  : 32768 1     0     [ 0     0     0     0     0     0     0     0     0     0     0     0     0     4     ]
#246  : 32768 1     0     [ 0     0     0     0     0     0     0     0     0     0     0     0     0     4     ]
#247  : 32768 1     0     [ 0     0     0     0     0     0     0     0     0     0     0     0     0     4     ]
#248  : 32768 1     0     [ 0     0     0     0     0     0     0     0     0     0     0     0     0     4     ]
#249  : 32768 1     0     [ 0     0     0     0     0     0     0     0     0     0     0     0     0     4     ]
#250  : 32768 1     0     [ 0     0     0     0     0     0     0     0     0     0     0     0     0     4     ]
#251  : 32768 1     0     [ 0     0     0     0     0     0     0     0     0     0     0     0     0     4     ]
#252  : 32768 1     0     [ 0     0     0     0     0     0     0     0     0     0     0     0     0     4     ]
#253  : 32768 1     0     [ 0     0     0     0     0     0     0     0     0     0     0     0     0     4     ]
#254  : 32768 1     0     [ 0     0     0     0     0     0     0     0     0     0     0     0     0     4     ]
#255  : 32768 1     0     [ 0     0     0     0     0     0     0     0     0     0     0     0     0     4     ]
#256  : 23568 1     9200  [ 0     0     0     0     1     0     0     0     0     0     1     1     1     2     ]
#257  : 0     0     20    [ 0     0     0     0     0     0     0     0     0     0     0     0     0     0     ]
#258  : 0     0     13600 [ 0     0     0     0     0     0     0     0     0     0     0     0     0     0     ]
#259  : 27496 1     5250  [ 0     0     0     1     0     1     1     0     1     1     0     1     0     3     ]
#260  : 32768 1     0     [ 0     0     0     0     0     0     0     0     0     0     0     0     0     4     ]
#261  : 32768 1     0     [ 0     0     0     0     0     0     0     0     0     0     0     0     0     4     ]
#262  : 32768 1     0     [ 0     0     0     0     0     0     0     0     0     0     0     0     0     4     ]
#263  : 32768 1     0     [ 0     0     0     0     0     0     0     0     0     0     0     0     0     4     ]
#264  : 32768 1     0     [ 0     0     0     0     0     0     0     0     0     0     0     0     0     4     ]
#265  : 32768 1     0     [ 0     0     0     0     0     0     0     0     0     0     0     0     0     4     ]
#266  : 32768 1     0     [ 0     0     0     0     0     0     0     0     0     0     0     0     0     4     ]
#267  : 32768 1     0     [ 0     0     0     0     0     0     0     0     0     0     0     0     0     4     ]
#268  : 32768 1     0     [ 0     0     0     0     0     0     0     0     0     0     0     0     0     4     ]
#269  : 32768 1     0     [ 0     0     0     0     0     0     0     0     0     0     0     0     0     4     ]
#270  : 32768 1     0     [ 0     0     0     0     0     0     0     0     0     0     0     0     0     4     ]
#271  : 32768 1     0     [ 0     0     0     0     0     0     0     0     0     0     0     0     0     4     ]
#272  : 23415 2     9232  [ 1     1     1     0     1     1     1     0     1     1     0     1     1     2     ]
#273  : 0     0     30    [ 0     0     0     0     0     0     0     0     0     0     0     0     0     0     ]
#274  : 16907 2     3792  [ 1     1     0     1     0     0     0     0     0     1     0     0     0     2     ]
#275  : 32768 1     0     [ 0     0     0     0     0     0     0     0     0     0     0     0     0     4     ]
#276  : 32768 1     0     [ 0     0     0     0     0     0     0     0     0     0     0     0     0     4     ]
#277  : 32768 1     0     [ 0     0     0     0     0     0     0     0     0     0     0     0     0     4     ]
#278  : 32768 1     0     [ 0     0     0     0     0     0     0     0     0     0     0     0     0     4     ]
#279  : 32768 1     0     [ 0     0     0     0     0     0     0     0     0     0     0     0     0     4     ]
#280  : 32768 1     0     [ 0     0     0     0     0     0     0     0     0     0     0     0     0     4     ]
#281  : 32768 1     0     [ 0     0     0     0     0     0     0     0     0     0     0     0     0     4     ]
#282  : 32768 1     0     [ 0     0     0     0     0     0     0     0     0     0     0     0     0     4     ]
#283  : 32768 1     0     [ 0     0     0     0     0     0     0     0     0     0     0     0     0     4     ]
#284  : 32768 1     0     [ 0     0     0     0     0     0     0     0     0     0     0     0     0     4     ]
#285  : 32768 1     0     [ 0     0     0     0     0     0     0     0     0     0     0     0     0     4     ]
#286  : 32768 1     0     [ 0     0     0     0     0     0     0     0     0     0     0     0     0     4     ]
#287  : 32768 1     0     [ 0     0     0     0     0     0     0     0     0     0     0     0     0     4     ]
#288  : 23487 1     9281  [ 1     1     1     1     1     1     0     1     1     1     0     1     1     2     ]
#289  : 0     0     8     [ 0     0     0     0     0     0     0     0     0     0     0     0     0     0     ]
#290  : 1764  2     1460  [ 0     0     1     0     0     1     1     1     0     1     1     0     0     0     ]
#291  : 32768 1     0     [ 0     0     0     0     0     0     0     0     0     0     0     0     0     4     ]
#292  : 32768 1     0     [ 0     0     0     0     0     0     0     0     0     0     0     0     0     4     ]
#293  : 32768 1     0     [ 0     0     0     0     0     0     0     0     0     0     0     0     0     4     ]
#294  : 32768 1     0     [ 0     0     0     0     0     0     0     0     0     0     0     0     0     4     ]
#295  : 32768 1     0     [ 0     0     0     0     0     0     0     0     0     0     0     0     0     4     ]
#296  : 32768 1     0     [ 0     0     0     0     0     0     0     0     0     0     0     0     0     4     ]
#297  : 32768 1     0     [ 0     0     0     0     0     0     0     0     0     0     0     0     0     4     ]
#298  : 32768 1     0     [ 0     0     0     0     0     0     0     0     0     0     0     0     0     4     ]
#299  : 32768 1     0     [ 0     0     0     0     0     0     0     0     0     0     0     0     0     4     ]
#300  : 32768 1     0     [ 0     0     0     0     0     0     0     0     0     0     0     0     0     4     ]
#301  : 32768 1     0     [ 0     0     0     0     0     0     0     0     0     0     0     0     0     4     ]
#302  : 32768 1     0     [ 0     0     0     0     0     0     0     0     0     0     0     0     0     4     ]
#303  : 32768 1     0     [ 0     0     0     0     0     0     0     0     0     0     0     0     0     4     ]
#304  : 23477 1     9290  [ 1     0     1     0     1     1     0     1     1     1     0     1     1     2     ]
#305  : 0     0     92    [ 0     0     0     0     0     0     0     0     0     0     0     0     0     0     ]
#306  : 13096 4     3616  [ 2     1     1     0     0     1     0     0     1     1     0     0     1     1     ]
#307  : 32768 1     0     [ 0     0     0     0     0     0     0     0     0     0     0     0     0     4     ]
#308  : 32768 1     0     [ 0     0     0     0     0     0     0     0     0     0     0     0     0     4     ]
#309  : 32768 1     0     [ 0     0     0     0     0     0     0     0     0     0     0     0     0     4     ]
#310  : 32768 1     0     [ 0     0     0     0     0     0     0     0     0     0     0     0     0     4     ]
#311  : 32768 1     0     [ 0     0     0     0     0     0     0     0     0     0     0     0     0     4     ]
#312  : 32768 1     0     [ 0     0     0     0     0     0     0     0     0     0     0     0     0     4     ]
#313  : 32768 1     0     [ 0     0     0     0     0     0     0     0     0     0     0     0     0     4     ]
#314  : 32768 1     0     [ 0     0     0     0     0     0     0     0     0     0     0     0     0     4     ]
#315  : 32768 1     0     [ 0     0     0     0     0     0     0     0     0     0     0     0     0     4     ]
#316  : 32768 1     0     [ 0     0     0     0     0     0     0     0     0     0     0     0     0     4     ]
#317  : 32768 1     0     [ 0     0     0     0     0     0     0     0     0     0     0     0     0     4     ]
#318  : 32768 1     0     [ 0     0     0     0     0     0     0     0     0     0     0     0     0     4     ]
#319  : 32768 1     0     [ 0     0     0     0     0     0     0     0     0     0     0     0     0     4     ]
#320  : 23491 2     9276  [ 1     1     0     0     0     0     1     1     1     1     0     1     1     2     ]
#321  : 0     0     88    [ 0     0     0     0     0     0     0     0     0     0     0     0     0     0     ]
#322  : 31088 1     776   [ 0     0     0     0     1     1     1     0     1     0     0     1     1     3     ]
#323  : 32768 1     0     [ 0     0     0     0     0     0     0     0     0     0     0     0     0     4     ]
#324  : 32768 1     0     [ 0     0     0     0     0     0     0     0     0     0     0     0     0     4     ]
#325  : 32768 1     0     [ 0     0     0     0     0     0     0     0     0     0     0     0     0     4     ]
#326  : 32768 1     0     [ 0     0     0     0     0     0     0     0     0     0     0     0     0     4     ]
#327  : 32768 1     0     [ 0     0     0     0     0     0     0     0     0     0     0     0     0     4     ]
#328  : 32768 1     0     [ 0     0     0     0     0     0     0     0     0     0     0     0     0     4     ]
#329  : 32768 1     0     [ 0     0     0     0     0     0     0     0     0     0     0     0     0     4     ]
#330  : 32768 1     0     [ 0     0     0     0     0     0     0     0     0     0     0     0     0     4     ]
#331  : 32768 1     0     [ 0     0     0     0     0     0     0     0     0     0     0     0     0     4     ]
#332  : 32768 1     0     [ 0     0     0     0     0     0     0     0     0     0     0     0     0     4     ]
#333  : 32768 1     0     [ 0     0     0     0     0     0     0     0     0     0     0     0     0     4     ]
#334  : 32768 1     0     [ 0     0     0     0     0     0     0     0     0     0     0     0     0     4     ]
#335  : 32768 1     0     [ 0     0     0     0     0     0     0     0     0     0     0     0     0     4     ]
#336  : 23488 1     9280  [ 0     0     0     0     0     0     1     1     1     1     0     1     1     2     ]
#337  : 6747  1     2     [ 1     1     0     1     1     0     1     0     0     1     0     1     1     0     ]
#338  : 32768 1     0     [ 0     0     0     0     0     0     0     0     0     0     0     0     0     4     ]
#339  : 32768 1     0     [ 0     0     0     0     0     0     0     0     0     0     0     0     0     4     ]
#340  : 32768 1     0     [ 0     0     0     0     0     0     0     0     0     0     0     0     0     4     ]
#341  : 32768 1     0     [ 0     0     0     0     0     0     0     0     0     0     0     0     0     4     ]
#342  : 32768 1     0     [ 0     0     0     0     0     0     0     0     0     0     0     0     0     4     ]
#343  : 31735 1     1033  [ 1     1     1     0     1     1     1     1     1     1     0     1     1     3     ]
#344  : 32768 1     0     [ 0     0     0     0     0     0     0     0     0     0     0     0     0     4     ]
#345  : 32768 1     0     [ 0     0     0     0     0     0     0     0     0     0     0     0     0     4     ]
#346  : 32768 1     0     [ 0     0     0     0     0     0     0     0     0     0     0     0     0     4     ]
#347  : 32768 1     0     [ 0     0     0     0     0     0     0     0     0     0     0     0     0     4     ]
#348  : 32768 1     0     [ 0     0     0     0     0     0     0     0     0     0     0     0     0     4     ]
#349  : 32768 1     0     [ 0     0     0     0     0     0     0     0     0     0     0     0     0     4     ]
#350  : 32768 1     0     [ 0     0     0     0     0     0     0     0     0     0     0     0     0     4     ]
#351  : 32768 1     0     [ 0     0     0     0     0     0     0     0     0     0     0     0     0     4     ]
#352  : 23455 1     9313  [ 1     1     1     1     1     0     0     1     1     1     0     1     1     2     ]
#353  : 0     0     212   [ 0     0     0     0     0     0     0     0     0     0     0     0     0     0     ]
#354  : 27482 3     344   [ 2     2     1     0     1     0     1     0     1     1     0     1     0     3     ]
#355  : 32768 1     0     [ 0     0     0     0     0     0     0     0     0     0     0     0     0     4     ]
#356  : 32768 1     0     [ 0     0     0     0     0     0     0     0     0     0     0     0     0     4     ]
#357  : 32768 1     0     [ 0     0     0     0     0     0     0     0     0     0     0     0     0     4     ]
#358  : 32768 1     0     [ 0     0     0     0     0     0     0     0     0     0     0     0     0     4     ]
#359  : 32768 1     0     [ 0     0     0     0     0     0     0     0     0     0     0     0     0     4     ]
#360  : 32768 1     0     [ 0     0     0     0     0     0     0     0     0     0     0     0     0     4     ]
#361  : 32768 1     0     [ 0     0     0     0     0     0     0     0     0     0     0     0     0     4     ]
#362  : 32768 1     0     [ 0     0     0     0     0     0     0     0     0     0     0     0     0     4     ]
#363  : 32768 1     0     [ 0     0     0     0     0     0     0     0     0     0     0     0     0     4     ]
#364  : 32768 1     0     [ 0     0     0     0     0     0     0     0     0     0     0     0     0     4     ]
#365  : 32768 1     0     [ 0     0     0     0     0     0     0     0     0     0     0     0     0     4     ]
#366  : 32768 1     0     [ 0     0     0     0     0     0     0     0     0     0     0     0     0     4     ]
#367  : 32768 1     0     [ 0     0     0     0     0     0     0     0     0     0     0     0     0     4     ]
#368  : 23455 1     9226  [ 1     1     1     1     1     0     0     1     1     1     0     1     1     2     ]
#369  : 22680 1     6     [ 0     0     0     1     1     0     0     1     0     0     0     1     1     2     ]
#370  : 32768 1     0     [ 0     0     0     0     0     0     0     0     0     0     0     0     0     4     ]
#371  : 32768 1     0     [ 0     0     0     0     0     0     0     0     0     0     0     0     0     4     ]
#372  : 32768 1     0     [ 0     0     0     0     0     0     0     0     0     0     0     0     0     4     ]
#373  : 32768 1     0     [ 0     0     0     0     0     0     0     0     0     0     0     0     0     4     ]
#374  : 32768 1     0     [ 0     0     0     0     0     0     0     0     0     0     0     0     0     4     ]
#375  : 32768 1     0     [ 0     0     0     0     0     0     0     0     0     0     0     0     0     4     ]
#376  : 32768 1     0     [ 0     0     0     0     0     0     0     0     0     0     0     0     0     4     ]
#377  : 32768 1     0     [ 0     0     0     0     0     0     0     0     0     0     0     0     0     4     ]
#378  : 32768 1     0     [ 0     0     0     0     0     0     0     0     0     0     0     0     0     4     ]
#379  : 32768 1     0     [ 0     0     0     0     0     0     0     0     0     0     0     0     0     4     ]
#380  : 32768 1     0     [ 0     0     0     0     0     0     0     0     0     0     0     0     0     4     ]
#381  : 32768 1     0     [ 0     0     0     0     0     0     0     0     0     0     0     0     0     4     ]
#382  : 32768 1     0     [ 0     0     0     0     0     0     0     0     0     0     0     0     0     4     ]
#383  : 32768 1     0     [ 0     0     0     0     0     0     0     0     0     0     0     0     0     4     ]
#384  : 23457 2     9305  [ 1     0     0     0     0     1     0     1     1     1     0     1     1     2     ]
#385  : 26906 1     1392  [ 0     1     0     1     1     0     0     0     1     0     0     1     0     3     ]
#386  : 32768 1     0     [ 0     0     0     0     0     0     0     0     0     0     0     0     0     4     ]
#387  : 32768 1     0     [ 0     0     0     0     0     0     0     0     0     0     0     0     0     4     ]
#388  : 32768 1     0     [ 0     0     0     0     0     0     0     0     0     0     0     0     0     4     ]
#389  : 32768 1     0     [ 0     0     0     0     0     0     0     0     0     0     0     0     0     4     ]
#390  : 32768 1     0     [ 0     0     0     0     0     0     0     0     0     0     0     0     0     4     ]
#391  : 32768 1     0     [ 0     0     0     0     0     0     0     0     0     0     0     0     0     4     ]
#392  : 32768 1     0     [ 0     0     0     0     0     0     0     0     0     0     0     0     0     4     ]
#393  : 32768 1     0     [ 0     0     0     0     0     0     0     0     0     0     0     0     0     4     ]
#394  : 32768 1     0     [ 0     0     0     0     0     0     0     0     0     0     0     0     0     4     ]
#395  : 32768 1     0     [ 0     0     0     0     0     0     0     0     0     0     0     0     0     4     ]
#396  : 32768 1     0     [ 0     0     0     0     0     0     0     0     0     0     0     0     0     4     ]
#397  : 32768 1     0     [ 0     0     0     0     0     0     0     0     0     0     0     0     0     4     ]
#398  : 32768 1     0     [ 0     0     0     0     0     0     0     0     0     0     0     0     0     4     ]
#399  : 32768 1     0     [ 0     0     0     0     0     0     0     0     0     0     0     0     0     4     ]
#400  : 23451 1     9314  [ 1     1     0     1     1     0     0     1     1     1     0     1     1     2     ]
#401  : 22215 2     614   [ 1     1     1     0     0     0     1     1     0     1     1     0     1     2     ]
#402  : 32768 1     0     [ 0     0     0     0     0     0     0     0     0     0     0     0     0     4     ]
#403  : 32768 1     0     [ 0     0     0     0     0     0     0     0     0     0     0     0     0     4     ]
#404  : 32768 1     0     [ 0     0     0     0     0     0     0     0     0     0     0     0     0     4     ]
#405  : 32768 1     0     [ 0     0     0     0     0     0     0     0     0     0     0     0     0     4     ]
#406  : 32768 1     0     [ 0     0     0     0     0     0     0     0     0     0     0     0     0     4     ]
#407  : 32768 1     0     [ 0     0     0     0     0     0     0     0     0     0     0     0     0     4     ]
#408  : 32768 1     0     [ 0     0     0     0     0     0     0     0     0     0     0     0     0     4     ]
#409  : 32768 1     0     [ 0     0     0     0     0     0     0     0     0     0     0     0     0     4     ]
#410  : 32768 1     0     [ 0     0     0     0     0     0     0     0     0     0     0     0     0     4     ]
#411  : 32768 1     0     [ 0     0     0     0     0     0     0     0     0     0     0     0     0     4     ]
#412  : 32768 1     0     [ 0     0     0     0     0     0     0     0     0     0     0     0     0     4     ]
#413  : 32768 1     0     [ 0     0     0     0     0     0     0     0     0     0     0     0     0     4     ]
#414  : 32768 1     0     [ 0     0     0     0     0     0     0     0     0     0     0     0     0     4     ]
#415  : 32768 1     0     [ 0     0     0     0     0     0     0     0     0     0     0     0     0     4     ]
#416  : 23245 1     8225  [ 1     0     1     1     0     0     1     1     0     1     0     1     1     2     ]
#417  : 2001  1     52    [ 1     0     0     0     1     0     1     1     1     1     1     0     0     0     ]
#418  : 31483 1     1285  [ 1     1     0     1     1     1     1     1     0     1     0     1     1     3     ]
#419  : 32768 1     0     [ 0     0     0     0     0     0     0     0     0     0     0     0     0     4     ]
#420  : 32768 1     0     [ 0     0     0     0     0     0     0     0     0     0     0     0     0     4     ]
#421  : 32768 1     0     [ 0     0     0     0     0     0     0     0     0     0     0     0     0     4     ]
#422  : 32768 1     0     [ 0     0     0     0     0     0     0     0     0     0     0     0     0     4     ]
#423  : 32768 1     0     [ 0     0     0     0     0     0     0     0     0     0     0     0     0     4     ]
#424  : 32768 1     0     [ 0     0     0     0     0     0     0     0     0     0     0     0     0     4     ]
#425  : 32768 1     0     [ 0     0     0     0     0     0     0     0     0     0     0     0     0     4     ]
#426  : 32768 1     0     [ 0     0     0     0     0     0     0     0     0     0     0     0     0     4     ]
#427  : 32768 1     0     [ 0     0     0     0     0     0     0     0     0     0     0     0     0     4     ]
#428  : 32768 1     0     [ 0     0     0     0     0     0     0     0     0     0     0     0     0     4     ]
#429  : 32768 1     0     [ 0     0     0     0     0     0     0     0     0     0     0     0     0     4     ]
#430  : 32768 1     0     [ 0     0     0     0     0     0     0     0     0     0     0     0     0     4     ]
#431  : 32768 1     0     [ 0     0     0     0     0     0     0     0     0     0     0     0     0     4     ]
#432  : 23359 1     8517  [ 1     1     1     1     1     1     0     0     1     1     0     1     1     2     ]
#433  : 1304  1     90    [ 0     0     0     1     1     0     0     0     1     0     1     0     0     0     ]
#434  : 32768 1     0     [ 0     0     0     0     0     0     0     0     0     0     0     0     0     4     ]
#435  : 32768 1     0     [ 0     0     0     0     0     0     0     0     0     0     0     0     0     4     ]
#436  : 32768 1     0     [ 0     0     0     0     0     0     0     0     0     0     0     0     0     4     ]
#437  : 32768 1     0     [ 0     0     0     0     0     0     0     0     0     0     0     0     0     4     ]
#438  : 32768 1     0     [ 0     0     0     0     0     0     0     0     0     0     0     0     0     4     ]
#439  : 32768 1     0     [ 0     0     0     0     0     0     0     0     0     0     0     0     0     4     ]
#440  : 32768 1     0     [ 0     0     0     0     0     0     0     0     0     0     0     0     0     4     ]
#441  : 32768 1     0     [ 0     0     0     0     0     0     0     0     0     0     0     0     0     4     ]
#442  : 32768 1     0     [ 0     0     0     0     0     0     0     0     0     0     0     0     0     4     ]
#443  : 32768 1     0     [ 0     0     0     0     0     0     0     0     0     0     0     0     0     4     ]
#444  : 32768 1     0     [ 0     0     0     0     0     0     0     0     0     0     0     0     0     4     ]
#445  : 32768 1     0     [ 0     0     0     0     0     0     0     0     0     0     0     0     0     4     ]
#446  : 32768 1     0     [ 0     0     0     0     0     0     0     0     0     0     0     0     0     4     ]
#447  : 32768 1     0     [ 0     0     0     0     0     0     0     0     0     0     0     0     0     4     ]
#448  : 23151 1     8738  [ 1     1     1     1     0     1     1     0     0     1     0     1     1     2     ]
#449  : 0     0     20    [ 0     0     0     0     0     0     0     0     0     0     0     0     0     0     ]
#450  : 0     0     7786  [ 0     0     0     0     0     0     0     0     0     0     0     0     0     0     ]
#451  : 26003 3     1968  [ 1     1     0     0     1     0     0     1     1     0     1     0     0     3     ]
#452  : 32768 1     0     [ 0     0     0     0     0     0     0     0     0     0     0     0     0     4     ]
#453  : 32768 1     0     [ 0     0     0     0     0     0     0     0     0     0     0     0     0     4     ]
#454  : 32768 1     0     [ 0     0     0     0     0     0     0     0     0     0     0     0     0     4     ]
#455  : 32768 1     0     [ 0     0     0     0     0     0     0     0     0     0     0     0     0     4     ]
#456  : 32768 1     0     [ 0     0     0     0     0     0     0     0     0     0     0     0     0     4     ]
#457  : 32768 1     0     [ 0     0     0     0     0     0     0     0     0     0     0     0     0     4     ]
#458  : 32768 1     0     [ 0     0     0     0     0     0     0     0     0     0     0     0     0     4     ]
#459  : 32768 1     0     [ 0     0     0     0     0     0     0     0     0     0     0     0     0     4     ]
#460  : 32768 1     0     [ 0     0     0     0     0     0     0     0     0     0     0     0     0     4     ]
#461  : 32768 1     0     [ 0     0     0     0     0     0     0     0     0     0     0     0     0     4     ]
#462  : 32768 1     0     [ 0     0     0     0     0     0     0     0     0     0     0     0     0     4     ]
#463  : 32768 1     0     [ 0     0     0     0     0     0     0     0     0     0     0     0     0     4     ]
#464  : 23273 1     8456  [ 1     0     0     1     0     1     1     1     0     1     0     1     1     2     ]
#465  : 0     0     78    [ 0     0     0     0     0     0     0     0     0     0     0     0     0     0     ]
#466  : 30333 1     132   [ 1     0     1     1     1     1     1     0     0     1     1     0     1     3     ]
#467  : 32768 1     0     [ 0     0     0     0     0     0     0     0     0     0     0     0     0     4     ]
#468  : 32768 1     0     [ 0     0     0     0     0     0     0     0     0     0     0     0     0     4     ]
#469  : 32768 1     0     [ 0     0     0     0     0     0     0     0     0     0     0     0     0     4     ]
#470  : 32768 1     0     [ 0     0     0     0     0     0     0     0     0     0     0     0     0     4     ]
#471  : 32768 1     0     [ 0     0     0     0     0     0     0     0     0     0     0     0     0     4     ]
#472  : 32768 1     0     [ 0     0     0     0     0     0     0     0     0     0     0     0     0     4     ]
#473  : 32768 1     0     [ 0     0     0     0     0     0     0     0     0     0     0     0     0     4     ]
#474  : 32768 1     0     [ 0     0     0     0     0     0     0     0     0     0     0     0     0     4     ]
#475  : 32768 1     0     [ 0     0     0     0     0     0     0     0     0     0     0     0     0     4     ]
#476  : 32768 1     0     [ 0     0     0     0     0     0     0     0     0     0     0     0     0     4     ]
#477  : 32768 1     0     [ 0     0     0     0     0     0     0     0     0     0     0     0     0     4     ]
#478  : 32768 1     0     [ 0     0     0     0     0     0     0     0     0     0     0     0     0     4     ]
#479  : 32768 1     0     [ 0     0     0     0     0     0     0     0     0     0     0     0     0     4     ]
#480  : 23550 3     1     [ 2     2     2     2     0     1     1     1     1     1     2     2     2     1     ]
