-r--r--r-- 1 root root 0 Jul 19 08:46 proc/bus/pci/devices

0000	12751275	0	               0	               0	               0	               0	               0	               0	               0	               0	               0	               0	               0	               0	               0	             800	
0010	1af41000	11	            2001	        c0000000	               0	               0	               0	               0	        80000000	              20	            2000	               0	               0	               0	               0	             800	virtio-pci
0018	1af41001	12	            2041	        c0002000	               0	               0	               0	               0	        80000800	              40	            2000	               0	               0	               0	               0	             800	virtio-pci
0020	1af41009	13	            2081	        c0004000	               0	               0	               0	               0	        80001000	              20	            2000	               0	               0	               0	               0	             800	virtio-pci
0028	1af41002	14	            20a1	        c0006000	               0	               0	               0	               0	        80001800	              20	            2000	               0	               0	               0	               0	             800	virtio-pci
0030	1af41009	15	            20c1	        c0008000	               0	               0	               0	               0	        80002000	              20	            2000	               0	               0	               0	               0	             800	virtio-pci
0038	1af4103f	16	            20e1	        c000a000	               0	               0	               0	               0	        80002800	              20	            2000	               0	               0	               0	               0	             800	virtio-pci
00f8	80867000	0	               0	               0	               0	               0	               0	               0	        80003000	               0	               0	               0	               0	               0	               0	             800	
